Cache Settings:
	Size: 	8192
	Block size: 	16
15141
15146
15148
15649
16161
16673
16943
16949
16951
16956
16961
16966
16973
16979
16984
16986
16991
16999
17007
17010
17021
17037
17043
17052
17053
17055
17058
17060
17064
17065
17070
17076
17082
17086
17090
17092
17097
17098
17104
17108
17113
17118
17120
17122
17125
17130
17131
17135
17137
17139
17142
17150
17155
17158
17162
17166
17194
17230
17242
17244
17247
17252
17258
17259
17264
17267
17268
17271
17274
17276
17277
17284
17287
17292
17296
17297
17300
17304
17310
17314
17321
17325
17327
17332
17333
17339
17530
17535
17539
17540
17544
17545
17550
17552
17555
17570
17596
17622
17648
17677
17683
17745
17750
17939
17943
17948
18011
18916
18919
18925
18931
18937
18941
18942
18947
18948
18954
18959
18963
18965
18967
18973
18978
18981
18984
18990
18997
19001
19002
19007
19195
19196
19202
19392
19396
19402
19409
19416
20869
20920
22530
22546
23946
23997
24243
24244
24249
24439
24444
24448
24455
24460
24466
24467
24472
24477
24693
24696
24819
24823
24828
25635
25641
25645
25650
25655
25659
25661
25665
25667
25668
25674
25679
25682
25685
25689
25690
25696
25701
25705
25710
25713
25717
25718
25725
25731
25732
25737
25741
25745
25749
25753
25757
25762
25763
25768
25774
25779
25782
25786
25791
25795
25801
25805
25810
25814
25819
25825
25830
25836
25841
25847
26989
27040
27333
27978
27979
27984
27986
27990
27994
27995
27996
27997
28002
28006
28011
28014
28015
28020
28024
28029
28033
28034
28039
28043
28048
28052
28057
28263
28272
28279
28391
30318
30369
33412
33463
34733
34742
34929
34946
34947
34954
34959
34965
34971
34975
34979
34984
34990
34994
34999
35000
35018
35022
35023
35026
35032
35037
35040
35041
35047
35055
35058
35062
35076
35093
35111
35116
35128
35136
35139
35141
35156
35181
35195
35198
35200
35206
35210
35217
35760
35780
35787
35798
35801
35807
35815
35820
35822
35827
35833
35834
35836
35854
36553
36555
36559
36563
36571
36593
36597
36605
36613
36616
36620
36621
36623
36628
36633
36636
36639
36644
36649
36657
36664
36670
36672
36679
36686
36690
36691
36692
36696
36702
36703
36707
36709
36715
36717
36720
36725
36732
36736
36831
37231
37631
38031
38171
38173
38180
38188
38192
38194
38199
38500
38505
38510
38512
38516
38522
38527
38528
38535
38540
38543
38551
38555
38559
38772
38779
38784
38786
38789
38794
38796
38797
38801
38804
38806
38808
38816
38818
38821
38826
38831
38833
38838
38844
38846
38853
38856
38862
38865
38867
38956
38962
38965
38967
38970
38977
38982
38983
38986
38989
39024
41386
41390
42099
42245
42249
42256
42259
42263
42270
42291
42292
42294
42298
42303
42306
42308
42310
42311
42530
42754
42978
43202
43421
43426
43430
43435
43458
43462
44660
44661
44662
44670
44677
44682
44686
44694
44698
44702
44704
44741
44747
44749
44754
44943
44947
44955
44959
44964
44969
44971
46633
46637
47238
47245
49471
49552
49912
50424
50936
51448
52006
52014
52018
53985
54036
56984
57035
58331
58340
59478
59529
61953
62004
63864
63873
65393
65444
68446
68497
70004
70194
70201
70206
70212
70216
70217
70220
70226
70230
70232
70243
70252
70256
70443
70449
70651
70860
70869
73643
74043
74443
85472
85984
86496
88045
88096
90716
90767
91972
91981
93908
93959
97145
97196
98593
99850
99901
processed 100000 references
103817
104217
104617
115598
116110
116622
119075
120691
122143
124337
124844
126296
128227
129640
131092
134085
134485
134885
146793
147305
147817
148329
148841
150583
152141
153975
156841
158208
158429
159618
162599
164455
166289
170490
170890
181097
183159
183638
184827
188071
188650
196806
196812
196816
196817
196819
196824
196829
196834
196839
196843
196848
196854
196855
196859
196869
196871
196881
196903
196931
196966
196973
196977
196982
196987
197091
197095
197097
197104
197105
197111
197119
197126
197131
197136
197141
197202
197207
197212
197604
197611
197615
197676
197677
197683
197686
197688
197695
197738
197785
197788
197796
197800
197804
198002
198266
198530
198601
198603
198611
198619
198624
198629
198634
198639
198641
198645
198650
198655
198660
198665
198670
198676
198681
198687
198689
198693
198720
198782
198844
198884
198889
198893
198895
198897
198900
198905
198909
198914
198921
198928
198933
198938
198940
198947
198950
198952
198956
198961
198967
198972
198974
198977
198983
198988
198989
198993
198996
198998
199001
199006
199008
199011
199012
199014
199019
199026
199028
199029
199033
199038
199045
199050
199056
199061
199064
199065
199071
199077
199082
199085
199088
199092
199093
199098
199100
199102
199106
199107
199111
199117
199131
199135
199139
199145
199146
199152
199153
199155
199158
199163
199164
199169
199175
199179
199182
199186
199191
199193
199198
199201
199207
199213
199217
199218
199220
199224
199229
199233
199237
199240
199247
199345
199351
199356
199361
199364
199371
199376
199391
199396
199397
199402
199406
199410
199413
199415
199420
199422
199428
199432
199439
199441
199443
199449
199453
199454
199460
199465
199466
199471
199475
199480
199485
199490
199493
199525
199533
199537
199554
199572
199581
199589
199599
199607
199616
199624
199634
199642
199651
199659
199669
199677
199686
199694
199704
199712
199721
199729
199739
199747
199756
199764
199774
199782
199791
199799
199809
199817
199826
199834
199844
199852
199861
199869
199879
199887
199896
199904
199914
199922
199931
199939
199949
199957
199966
199974
199984
199992
processed 200000 references
200001
200009
200019
200027
200044
200054
200062
200071
200079
200097
200103
200109
200115
200121
200126
200132
200136
200143
200151
200158
200159
200162
200166
200173
200178
200184
200190
200195
200202
200217
200230
200236
200244
200248
200281
200282
200288
200293
200299
200302
200303
200304
200308
200315
200320
200337
200342
200345
200350
200356
200360
200364
200370
200383
200397
200402
200407
200409
200411
200416
200419
200422
200424
200425
200551
200555
200572
200590
200607
200625
200642
200660
200677
200695
200712
200730
200747
200765
200782
200800
200817
200827
200835
200844
200852
200862
200870
200879
200887
200897
200905
200914
200922
200932
200940
200949
200957
201170
201174
201191
201209
201226
201244
201261
201279
201296
201314
201331
201349
201366
201384
201401
201419
201436
201454
201471
201489
201506
201524
201541
201559
201576
201594
201611
201629
201646
201664
201681
201699
201708
201716
201726
201734
201743
201751
201761
201769
201778
201786
201796
201804
201813
201821
201831
201839
201848
201856
201866
201874
201883
201891
201901
201909
201918
201926
201936
201944
201953
201961
201971
201979
201988
201996
202006
202014
202212
202216
202233
202251
202268
202286
202303
202321
202338
202356
202373
202391
202408
202426
202443
202461
202478
202488
202496
202505
202513
202523
202531
202540
202548
202558
202566
202575
202583
202593
202601
202610
202618
202831
202835
202852
202870
202887
202905
202922
202940
202957
202975
202992
203010
203027
203045
203062
203080
203097
203115
203132
203150
203167
203185
203202
203220
203237
203255
203272
203290
203307
203325
203342
203360
203369
203377
203387
203395
203404
203412
203422
203430
203439
203447
203457
203465
203474
203482
203492
203500
203509
203517
203527
203535
203544
203552
203562
203570
203579
203587
203597
203605
203614
203622
203632
203640
203649
203657
203667
203675
203883
204002
204006
204010
204014
204085
204207
204210
204282
204556
204815
204818
205149
205152
205248
205253
205258
205264
205280
205295
205300
205303
205309
205315
205319
205324
205328
205331
205347
205352
205354
205358
205363
205368
205372
205375
205377
205382
205383
205386
205392
205397
205399
205403
205406
205409
205414
205421
205424
205427
205431
205433
205438
205441
205443
205448
205454
205457
205462
205466
205468
205472
205473
205480
205482
205487
205491
205500
205509
205518
205527
205536
205545
205554
205563
205572
205581
205590
205599
205608
205617
205626
205635
205644
205672
205676
205685
205686
205688
205693
205698
205704
205708
205713
205716
205719
205723
205729
206085
206091
206097
206103
206108
206114
206119
206120
206126
206133
206138
206143
228733
231592
231595
231598
231601
231608
231815
231820
231825
231842
231848
231852
231858
231863
231868
231874
231879
231885
231889
231895
231919
231923
231925
231928
231934
231941
231947
232393
232395
232406
232412
232418
232423
232429
232433
232439
232444
232502
232505
233413
234321
235709
235714
236251
236256
237005
237007
237013
237017
237019
237026
237030
237031
237036
237041
237045
237047
237049
237056
237058
237062
237066
237072
237089
237116
237130
237148
237160
237165
237167
237173
237174
237180
237186
237187
237193
237195
237199
237200
237201
237206
237209
237212
237214
237216
237223
237230
237411
237416
237422
237425
237429
237459
237547
237604
237607
237609
237610
237614
237617
237618
237662
237744
237755
237771
237782
237798
237809
237825
237836
237852
237863
237879
237890
237906
237917
237933
237944
237960
237971
237987
237998
238014
238025
238041
238052
238068
238079
238095
238106
238128
238216
238446
238534
238622
238682
238693
238737
238819
238846
238879
238967
239053
239057
239059
239065
239069
239076
239079
239083
239088
239255
239256
239269
239296
239410
239414
239422
239424
239426
239432
239437
239441
239446
239517
239522
239525
239527
239530
239535
240626
240632
240637
240639
240644
240649
240655
240662
240678
240685
240690
240696
240700
240705
240710
240717
241086
241092
241098
241104
241111
241116
241123
241152
241158
241166
241173
241178
241181
241182
241185
241239
241244
241250
241255
241260
241261
241266
241268
241271
241277
241283
241289
241291
241384
241516
241537
241542
241548
241554
241560
241564
241567
241573
241580
241585
241588
241593
241598
241603
241607
241613
241617
241629
241635
241640
241847
241969
241974
241979
241984
241989
241994
241999
242004
242060
242061
242185
242687
242692
242697
242769
243261
243410
243812
244712
245183
246152
246692
247730
248339
249446
250124
251300
252047
252679
253311
253578
253678
253746
253814
253882
253950
254018
254101
254230
254298
254327
254332
254337
254344
254349
254355
254360
254366
254368
254371
254620
254626
254632
254638
254643
254645
254651
254657
254663
254667
254673
254679
254685
254690
254694
254699
254800
254802
254807
254813
254880
254882
262570
262577
262580
262581
262586
262794
263201
263371
263373
263375
263567
263572
263573
263579
263584
263644
263650
264031
264035
264036
264042
264048
264054
264060
264067
264069
264075
264083
264093
264098
264102
264106
264108
264109
264115
264122
264130
264136
264139
264142
264145
264148
264151
264154
264157
264160
264163
264166
264169
264173
264177
264183
264187
264193
264196
264203
264211
264219
264223
264226
264229
264233
264235
264239
264243
264248
264253
264273
264279
264284
264292
264300
264306
264410
266358
266845
266853
266860
266864
266868
266869
266873
266875
266878
266879
266881
266883
266888
266893
266900
266906
266910
266917
266923
266927
266928
266932
266933
266937
266941
266953
266956
266984
266990
266995
267000
267005
267006
267011
267015
267017
267018
267023
267028
267033
267035
267038
267041
267045
267050
267051
267058
267063
267069
267073
267079
267087
267092
267114
267146
267222
267254
267330
267362
267438
267470
267546
267578
267654
267686
267762
267794
267870
267902
267978
268010
268086
268118
268194
268226
268302
268334
268410
268442
268507
268510
268512
268517
268523
268531
268554
268576
268581
268590
268600
268755
268763
268769
268983
268992
270008
270017
270604
270609
271952
272014
272019
272023
272045
275116
275122
275126
275130
275135
275193
275199
275201
275204
275210
275216
275219
275283
275375
275390
275395
275402
275407
275412
275418
275700
277853
277859
277864
277868
277870
277874
277878
277883
277888
277893
277902
277908
278633
278636
278641
278713
278950
279036
279970
processed 300000 references
365910
365946
365951
365953
365959
366011
366016
366020
366026
366030
366035
366039
366045
366049
366057
366061
366067
366072
366073
366078
366083
366088
366092
366097
366102
366104
366134
366138
366744
366800
366883
366885
366888
366889
366891
366895
366902
366906
366909
366912
366916
366920
366923
367175
367180
367184
367244
367248
367253
367257
367258
367262
367267
367270
367309
367311
367314
367317
367319
367323
367329
367334
367338
367343
367344
367347
367349
367351
367355
367360
367363
367379
367479
368968
369103
369905
371505
372309
372317
372325
372328
372329
372334
372340
372341
372346
372347
372352
372353
372360
372364
372365
372370
372371
372374
372378
372384
372390
372396
372400
372401
372407
372413
372414
372417
372418
372419
372420
372427
372428
372433
372438
372441
372446
372449
372455
372460
372463
372468
372471
372476
372481
372486
372490
372496
372502
372506
372511
372515
372519
372525
372531
372532
372537
372539
372541
372545
372548
372550
372554
372558
372564
372565
372571
372578
372582
372583
372587
372589
372593
372597
372598
372605
372609
372610
372612
372616
372617
372619
372626
372632
372640
372644
372650
372653
372658
372662
372668
372670
372674
372678
372682
372684
372687
372691
372695
372699
372703
372707
372711
372715
372718
372722
372724
372725
372729
372735
372742
372749
372754
372755
372760
372761
372768
372774
372790
372842
372844
372847
372849
373170
373235
373240
373244
373247
373250
373251
373258
373259
373265
373270
373276
373280
373284
373348
373353
373354
373356
373361
373365
373370
373372
373375
373377
373382
373417
373481
373545
373609
373673
373737
373801
373865
373929
373993
374040
374047
374052
374057
374061
374065
374071
374074
374077
374078
374081
374082
374085
374090
374094
374096
374097
374202
374224
374294
374303
374308
374310
374352
374368
374410
374426
374450
374492
374660
374828
374993
375147
375158
375231
375287
375313
375386
375400
375402
375444
375460
375484
375515
375571
375586
375602
375643
375648
377094
377098
377101
377103
377105
377110
377114
377119
377125
377129
377131
377138
377142
377147
377153
377159
377166
377173
377179
377196
377246
377252
377256
377260
377264
377269
377271
377276
377278
377284
377289
377294
377298
377301
377304
377307
377311
377313
377317
377319
377320
377325
377413
377549
377554
377561
377566
377570
377571
377575
377576
377580
377582
377587
377588
377590
377594
377597
377602
377606
377611
377614
377617
377625
377628
377635
377641
377646
378247
378250
378280
378352
378365
378367
378387
378391
378394
378397
378409
378411
378452
378456
378462
378465
378469
378474
378479
378488
378489
378581
378799
378857
378874
378951
379004
379130
379132
379174
379176
379294
379331
379347
379433
379434
379438
379439
379443
379447
379451
379553
379709
379765
379940
380288
380534
380663
380796
380909
380910
380914
381116
381272
381408
381620
381866
381995
382128
382350
382506
382865
383111
383240
383280
383373
383492
383495
383499
383534
383685
383831
384215
384371
384522
384603
384625
384772
384776
384791
384885
384927
384933
384935
384938
384961
384962
384967
384973
384978
385013
385017
385047
385052
385057
385059
385063
385066
385458
385463
385466
385471
390555
390560
390808
390908
399604
399873
processed 400000 references
400248
402642
408066
408883
408887
411280
414523
414527
414531
414535
414911
415423
415935
416447
416959
417471
417983
418509
419307
419530
420174
420818
421462
422106
422209
422826
423338
423850
424362
424874
425060
425065
425070
425073
425685
425709
426594
427016
427020
427156
427286
427417
427421
427425
427506
427510
427566
427571
427822
428229
429350
429888
430262
430268
430272
431868
431963
431967
431969
431975
431977
431979
431985
431987
431992
431995
431998
432001
432005
432008
432013
432017
432019
432022
432026
432027
432031
432034
432038
432042
432046
432047
432049
432050
432057
432061
432062
432066
432068
432071
432074
432077
432078
432082
432083
432088
432091
432093
432097
432098
432103
432104
432108
432112
432116
432120
432124
432128
432132
432137
432141
432182
432187
432191
432194
432196
432198
432203
432207
432211
432215
432219
432223
432227
432231
432235
432240
432358
432361
432368
432374
432380
432383
432389
432394
432399
432402
432405
432409
432413
432417
432422
432427
432430
432432
432438
432519
432521
432525
432527
432528
432531
432533
432539
432622
432628
432696
432702
432706
432708
432709
432737
432742
432745
432749
432839
432844
432845
432848
432888
434112
434624
435136
435648
436160
436672
437291
437295
438332
439630
481261
481773
482285
482797
483309
483821
484333
484845
485528
485531
485536
485540
485543
485546
485551
485557
485564
485606
485610
485611
486223
486247
487528
488147
488371
489188
489629
490379
491001
491513
491956
491961
491965
491970
491974
491975
491980
491985
491990
491992
491995
492028
492045
492049
493214
494697
494701
496074
497448
497960
498335
498340
498346
498351
498355
498359
498363
498368
498370
498372
498376
498381
498386
498388
498431
498436
498440
499052
499299
processed 500000 references
500500
501051
501148
501152
501503
501508
502224
503547
504059
504370
504373
504375
507104
507553
507699
507701
507704
507773
507900
508810
509646
510158
510510
510514
510515
511151
511926
511929
511930
512348
512353
512454
512458
512465
512513
512519
512805
513453
513564
513581
513585
513591
513776
513782
513786
513792
513798
513799
513801
513808
513809
513815
513819
513821
513825
513831
513834
513841
513845
513846
513847
513851
513890
513895
514056
514062
514075
514081
514083
514086
514088
514094
514098
514100
514103
514108
514111
514117
514121
514123
514125
514129
514131
514133
514134
514135
514136
514142
514146
514147
514152
514159
514233
514239
514241
514244
514246
514248
514254
514329
514399
514403
514409
514491
514497
514501
514506
514510
514511
514513
514516
514522
514592
514597
514601
514670
514675
514677
514680
514684
514688
514693
514696
514698
514702
514707
514778
514783
514787
514891
514898
514935
516260
516748
517260
520177
522840
523352
528900
532428
535490
536002
539276
539289
541600
542112
546041
548722
549234
552570
555844
556356
560135
560137
560142
560146
560222
560302
560382
560401
560586
563226
563738
566719
569576
570088
573761
576688
577200
580053
582748
589348
589860
593097
595388
595900
processed 600000 references
602534
603046
606382
606911
609656
610168
613999
614005
614099
614103
614108
616849
617361
620569
624231
624743
631613
632125
634978
636091
637906
644516
645028
648492
651618
652130
655788
658079
658591
661927
662492
665299
665811
671407
671919
675124
678583
679095
682012
684687
685199
688069
688082
690777
696409
696921
697464
697468
697486
697491
697495
697499
697501
697506
697507
697509
697516
697520
697526
697530
697536
697542
697550
697554
697560
697563
697565
697570
697574
697582
697589
697597
697604
697610
697617
697624
697630
697635
697638
697644
697649
697654
697657
697662
697664
697670
697675
697680
697684
697688
697692
697693
697696
697700
697704
697708
697712
697713
697717
697720
697726
697728
697731
697738
697744
697748
697752
697757
697764
697769
697860
697865
697962
697969
697977
698047
698055
698060
698066
698071
698073
698076
698078
698079
698087
698091
698098
698687
698693
698697
698698
698699
698704
698708
698710
698714
698720
698723
698727
698732
698738
698745
698751
698755
698757
698762
698766
698772
698776
698779
698784
698788
698794
698798
698801
698807
698812
698814
processed 700000 references
700111
700119
700127
700135
700143
700149
700154
700158
700160
700167
700172
700177
700183
700185
700186
700193
700196
700197
700202
700207
700211
700214
700219
700223
700229
700232
700236
700240
700246
700249
700255
701550
701556
701560
701566
701570
701573
701578
701585
701590
701596
701602
701607
701612
701619
701625
701632
701633
701635
701637
701641
701647
701651
701655
701656
701658
701661
701667
701668
701674
701678
701680
701686
701690
701692
701698
701703
701707
701713
701716
701719
701725
701731
701736
701742
701747
701748
701753
701760
701763
701769
701826
701831
701837
701843
701848
701853
701858
701863
701866
701868
701870
701875
701886
701890
701918
701923
701929
701931
701934
701938
702264
702270
702276
702281
702287
702293
702297
702299
702304
702308
702312
702316
702320
702323
702325
702326
702330
702335
702340
702345
702347
702389
702392
702397
702403
702410
702415
702419
702426
702433
702438
702445
702450
702454
702460
702467
702472
702478
702484
702487
702492
702497
702499
702506
702692
702698
702703
702708
702711
702717
702720
702723
702738
702743
702758
702764
702821
702827
702833
702838
702845
702846
702852
702855
702861
702867
702872
702878
702880
702882
702884
702886
702891
702894
702896
702900
702906
702908
702909
702911
702915
702918
702921
702922
702923
702928
702931
702935
702937
702939
702940
702943
702945
702950
702955
702956
702961
702968
702972
702975
703006
703012
703018
703022
703160
703161
703167
703170
703175
703178
703181
703184
703189
703193
703199
703204
703211
703215
703216
703309
703489
703497
703504
703512
703517
703523
703527
703533
703543
703712
703713
703717
703719
703724
703727
703730
703734
703739
703915
703918
704094
704097
704273
704276
704452
704454
704460
704465
704473
704481
705821
705885
705892
705898
705902
705906
705911
707346
707411
709007
710699
712487
712491
714310
714375
716355
718431
720539
720603
722871
725235
725239
727699
727705
727721
730281
730285
730292
730297
730303
730310
730313
732111
732355
734401
736450
736455
736479
737628
737634
737639
737772
737777
737911
738044
738049
738183
738224
738229
738359
738492
738497
738631
738764
738769
738770
738776
738781
738786
738790
738793
738796
738797
738802
738803
738807
738809
738810
738815
738820
738821
738826
738831
738836
738843
738849
738854
738860
738867
738873
738879
738885
738890
738895
738900
738903
738906
739242
739249
739254
739260
739267
739272
739277
739593
739714
740173
740180
740185
740190
740196
740201
740207
740212
740215
740217
740644
741091
741097
741103
741108
741114
741120
741125
741129
741131
741137
741171
743458
743502
743508
743513
743518
743524
743529
743534
743540
743545
743551
743559
743561
743565
743567
743572
743573
743577
743580
743584
743586
743589
743593
743595
743598
743604
743611
743617
743624
743628
745904
746156
746162
746179
748730
748764
748798
751349
753900
753952
753957
755283
755289
756222
758579
760914
760948
761012
763349
765671
768019
770356
770399
770481
772854
772860
772861
772871
processed 800000 references
814100
814111
841040
841051
884129
884140
processed 900000 references
911073
911084
946939
946957
946974
946992
947009
947027
947044
947062
947079
947097
947114
947132
947149
947167
947184
947202
947219
947237
947254
947272
947289
947307
947324
947342
947359
947377
947394
952778
953800
953811
963003
972515
980744
980755
982527
992454
processed 1000000 references
*** CACHE STATISTICS ***
  CORE 0
  accesses:        1000001
  misses:          3752
  miss rate:       0.003752 (0.996248)
  evictions:       3240
  num fetches:     3752
  num responses:   0

  TRAFFIC
  demand fetch (words):           15008
  broadcasts:                     70290
  cache-to-cache copies (words):  0
  copies back to memory (words):  3288

*** VALIDATION REPORT ***
[1000001]
[3752]
15008
70290
0
3288
